atensor 1 Ni
122.260 0.000 0.005
0.000 122.260 0.006
0.005 0.006 17.302
-45.769 0.001 -0.004
0.001 -45.769 -0.003
-0.004 -0.003 -2.544

atensor 2 H
-6.721 -2.464 -1.066
-2.464 -0.665 2.999
-1.067 2.999 -3.334
-0.144 -0.069 -0.082
-0.069 0.026 0.231
-0.009 0.025 0.010

atensor 3 C
0.959 -0.328 -0.995
-0.328 1.765 2.798
-0.995 2.798 12.359
-0.302 -0.036 -0.068
-0.036 -0.214 0.192
-0.006 0.017 -0.010

atensor 4 H
0.205 0.214 -3.182
0.214 -7.591 -0.087
-3.182 -0.087 -3.335
0.051 0.006 -0.245
0.006 -0.169 -0.007
-0.026 -0.001 0.010

atensor 5 C
1.880 0.029 -2.969
0.029 0.843 -0.081
-2.969 -0.081 12.359
-0.201 0.003 -0.204
0.003 -0.315 -0.006
-0.018 -0.001 -0.010

atensor 6 H
-6.971 2.118 -0.900
2.118 -0.412 -3.054
-0.901 -3.054 -3.334
-0.151 0.060 -0.069
0.060 0.033 -0.236
-0.007 -0.025 0.010

atensor 7 C
0.927 0.282 -0.840
0.282 1.800 -2.849
-0.840 -2.849 12.356
-0.306 0.031 -0.058
0.031 -0.210 -0.196
-0.005 -0.018 -0.010

atensor 8 H
-2.283 -3.640 2.626
-3.640 -5.098 -1.800
2.626 -1.800 -3.332
-0.019 -0.103 0.203
-0.103 -0.099 -0.139
0.022 -0.015 0.010

atensor 9 C
1.550 -0.485 2.450
-0.485 1.175 -1.679
2.450 -1.679 12.350
-0.238 -0.053 0.168
-0.053 -0.279 -0.115
0.015 -0.010 -0.010

atensor 10 H
-2.690 3.773 2.523
3.773 -4.692 1.941
2.523 1.941 -3.332
-0.031 0.106 0.195
0.106 -0.087 0.150
0.021 0.016 0.010

atensor 11 C
1.495 0.502 2.354
0.502 1.228 1.811
2.354 1.811 12.353
-0.244 0.055 0.162
0.055 -0.273 0.124
0.015 0.011 -0.010

atensor 12 H
-6.968 2.117 0.901
2.117 -0.412 3.054
0.901 3.054 -3.331
-0.151 0.060 0.069
0.060 0.033 0.236
0.007 0.025 0.010

atensor 13 C
0.927 0.282 0.840
0.282 1.799 2.847
0.840 2.847 12.351
-0.306 0.031 0.058
0.031 -0.210 0.196
0.005 0.018 -0.010

atensor 14 H
-2.285 -3.641 -2.626
-3.641 -5.101 1.799
-2.626 1.800 -3.334
-0.019 -0.102 -0.203
-0.102 -0.099 0.139
-0.022 0.015 0.010

atensor 15 C
1.549 -0.484 -2.449
-0.484 1.174 1.677
-2.449 1.677 12.361
-0.238 -0.053 -0.168
-0.053 -0.279 0.115
-0.015 0.010 -0.010

atensor 16 H
-2.693 3.774 -2.522
3.774 -4.694 -1.941
-2.522 -1.941 -3.335
-0.031 0.106 -0.195
0.106 -0.087 -0.150
-0.021 -0.016 0.010

atensor 17 C
1.494 0.502 -2.353
0.502 1.228 -1.811
-2.353 -1.811 12.362
-0.243 0.055 -0.162
0.055 -0.273 -0.124
-0.015 -0.011 -0.010

atensor 18 H
-6.719 -2.464 1.066
-2.464 -0.664 -2.999
1.066 -2.999 -3.334
-0.144 -0.069 0.082
-0.069 0.026 -0.231
0.009 -0.025 0.010

atensor 19 C
0.960 -0.328 0.995
-0.328 1.766 -2.798
0.995 -2.799 12.356
-0.302 -0.036 0.068
-0.036 -0.214 -0.192
0.006 -0.017 -0.010

atensor 20 C
1.883 0.028 2.969
0.028 0.846 0.080
2.969 0.080 12.349
-0.201 0.003 0.204
0.003 -0.315 0.006
0.018 0.000 -0.010

atensor 21 H
0.207 0.214 3.183
0.214 -7.586 0.087
3.183 0.087 -3.331
0.051 0.006 0.246
0.006 -0.169 0.007
0.026 0.001 0.010

orbtensor 1 Ni
-11847.878     0.157    -0.449
0.157 -11847.827    -0.662
-0.449    -0.662  -383.621
2258.651     0.000     0.002
0.000  2258.651    -0.001
0.002    -0.001  2270.700

orbtensor 2 H
-0.535     5.101     0.750
5.101   -13.067    -2.110
0.750    -2.110    -0.262
27.938    -4.921    -0.778
-4.921    40.030     2.189
-0.778     2.189    25.203

orbtensor 3 C
-175.770    15.004     6.987
15.004  -212.618   -19.648
6.987   -19.648   -65.386
256.329     2.459    -1.435
2.459   250.284     4.033
-1.435     4.033   232.895

orbtensor 4 H
-14.869    -0.443     2.238
-0.443     1.267     0.062
2.238     0.062    -0.262
41.768     0.428    -2.321
0.428    26.200    -0.064
-2.321    -0.064    25.203

orbtensor 5 C
-217.917    -1.302    20.841
-1.302  -170.464     0.567
20.841     0.567   -65.382
249.417    -0.214    -4.279
-0.214   257.198    -0.116
-4.279    -0.116   232.894

orbtensor 6 H
-0.013    -4.384     0.633
-4.384   -13.587     2.147
0.633     2.147    -0.262
27.435     4.229    -0.657
4.229    40.533    -2.228
-0.657    -2.228    25.203

orbtensor 7 C
-174.212   -12.898     5.897
-12.898  -214.139    19.989
5.897    19.989   -65.383
256.578    -2.114    -1.212
-2.114   250.032    -4.105
-1.212    -4.105   232.895

orbtensor 8 H
-9.714     7.536    -1.847
7.536    -3.886     1.266
-1.847     1.266    -0.262
36.795    -7.271     1.916
-7.271    31.172    -1.313
1.916    -1.313    25.203

orbtensor 9 C
-202.736    22.169   -17.191
22.169  -185.594    11.781
-17.191    11.781   -65.384
251.898     3.634     3.531
3.634   254.708    -2.420
3.531    -2.420   232.895

orbtensor 10 H
-8.871    -7.810    -1.775
-7.810    -4.729    -1.365
-1.775    -1.365    -0.262
35.982     7.535     1.841
7.535    31.985     1.416
1.841     1.416    25.203

orbtensor 11 C
-200.262   -22.969   -16.521
-22.969  -188.087   -12.715
-16.521   -12.715   -65.384
252.304    -3.766     3.392
-3.766   254.303     2.612
3.392     2.612   232.894

orbtensor 12 H
-0.013    -4.383    -0.634
-4.383   -13.587    -2.150
-0.634    -2.150    -0.262
27.435     4.229     0.657
4.229    40.532     2.230
0.657     2.230    25.204

orbtensor 13 C
-174.196   -12.892    -5.887
-12.892  -214.126   -20.020
-5.887   -20.020   -65.387
256.577    -2.114     1.206
-2.114   250.029     4.109
1.206     4.109   232.896

orbtensor 14 H
-9.715     7.535     1.849
7.535    -3.887    -1.267
1.849    -1.267    -0.262
36.796    -7.270    -1.918
-7.270    31.172     1.314
-1.918     1.314    25.203

orbtensor 15 C
-202.768    22.158    17.227
22.158  -185.621   -11.805
17.227   -11.805   -65.390
251.901     3.635    -3.535
3.635   254.713     2.420
-3.535     2.420   232.895

orbtensor 16 H
-8.873    -7.809     1.776
-7.809    -4.730     1.366
1.776     1.366    -0.262
35.983     7.535    -1.842
7.535    31.986    -1.417
-1.842    -1.417    25.203

orbtensor 17 C
-200.301   -22.962    16.551
-22.962  -188.120    12.717
16.551    12.717   -65.382
252.309    -3.767    -3.396
-3.767   254.308    -2.608
-3.396    -2.608   232.893

orbtensor 18 H
-0.534     5.100    -0.750
5.100   -13.067     2.110
-0.750     2.110    -0.262
27.938    -4.921     0.777
-4.921    40.030    -2.188
0.777    -2.188    25.203

orbtensor 19 C
-175.756    14.996    -6.975
14.996  -212.624    19.650
-6.975    19.650   -65.384
256.328     2.460     1.429
2.460   250.284    -4.034
1.429    -4.034   232.894

orbtensor 20 C
-217.890    -1.297   -20.840
-1.297  -170.425    -0.578
-20.840    -0.578   -65.385
249.411    -0.215     4.279
-0.215   257.193     0.118
4.279     0.118   232.895

orbtensor 21 H
-14.867    -0.443    -2.239
-0.443     1.268    -0.061
-2.239    -0.061    -0.262
41.767     0.427     2.322
0.427    26.200     0.064
2.322     0.064    25.203

gtensor
-0.089     0.000     0.000
0.000    -0.089     0.000
0.000     0.000    -0.231
89.311    -0.002     0.007
-0.002    89.311     0.005
0.007     0.005     0.841

averaging
13C Average:3,5,7,9,11,13,15,17,19,20
1H Average:2,4,6,8,10,12,14,16,18,21
